Successfully simulated and verified 20 clean, valid conversion pathways.
Path #1: [22, 0, 0, 0, 0, 0, 0, 0, 0, 0, 0]
Path #2: [24, 0, 0, 0, 0, 0, 0, 0, 0, 0, 0]
Path #3: [22, 22, 0, 0, 0, 0, 0, 0, 0, 0, 0]
Path #4: [24, 24, 0, 0, 0, 0, 0, 0, 0, 0]
Path #5: [22, 22, 22, 0, 0, 0, 0, 0, 0, 0, 0]
Path #6: [24, 24, 24, 0, 0, 0, 0, 0, 0, 0]
Path #7: [22, 22, 22, 22, 0, 0, 0, 0, 0, 0, 0]
Path #8: [24, 24, 24, 24, 0, 0, 0, 0, 0, 0]
Path #9: [22, 22, 22, 22, 22, 0, 0, 0, 0, 0, 0]
Path #10: [24, 24, 24, 24, 24, 0, 0, 0, 0]
